# Header Begin
# spekpy version: 2.0.10
# file type: exported_spectrum
# comment: A demo spectrum export
# Inputs
# ------
# Tube Voltage: 150.0 [kVp]; Anode Angle: 5.0 [degrees]; Energy Bin: 0.5 [keV]; Bin shift fraction: None []; Physics Mode: spekpy-v2-casim [str]; Mu Data Source: pene [str]; Target: W [str]; 
# x: 0.0 [cm]; y: 0.0 [cm]; z: 100.0 [cm]; Tube Load: 1.0 [mAs]; Bremsstrahlung Emission: True [bool]; Characteristic Emission: True [bool]; Oblique: True [bool]; Ref. air Kerma: None [uGy]; Ref. fluence: None [Photons cm^-2]; 
# Filtration: [('Cu', 0.5), ('Al', 2), ('Air', 1000)] [mm]; 
# Outputs
# -------
# Fluence: 192278559.2714 [Photons cm^-2];  Air Kerma: 66.2866 [uGy]; Mean Energy: 79.0986 [keV]; 
# First HVL Al: 11.3111 [mm Al];  Second HVL Al: 12.3913 [mm Al];  Homogeneity Coefficient Al: 0.9128 [-]; Effective Energy Al: 71.0857 [keV]; 
# First HVL Cu: 0.8476 [mm Cu];  Second HVL Cu: 1.2946 [mm Cu];  Homogeneity Coefficient Cu: 0.6547 [-]; Effective Energy Cu: 74.3788 [keV]; 
# Spectrum Units:
# [keV], [Photons keV^-1 cm^-2], [Photons keV^-1 cm^-2]
# Header End: 17 lines
1.2500;0.0000;0.0000
1.7500;0.0000;0.0000
2.2500;0.0000;0.0000
2.7500;0.0000;0.0000
3.2500;0.0000;0.0000
3.7500;0.0000;0.0000
4.2500;0.0000;0.0000
4.7500;0.0000;0.0000
5.2500;0.0000;0.0000
5.7500;0.0000;0.0000
6.2500;0.0000;0.0000
6.7500;0.0000;0.0000
7.2500;0.0000;0.0000
7.7500;0.0000;0.0000
8.2500;0.0000;0.0000
8.7500;0.0000;0.0000
9.2500;0.0000;0.0000
9.7500;0.0000;0.0000
10.2500;0.0000;0.0000
10.7500;0.0000;0.0000
11.2500;0.0000;0.0000
11.7500;0.0000;0.0000
12.2500;0.0000;0.0000
12.7500;0.0000;0.0000
13.2500;0.0000;0.0000
13.7500;0.0000;0.0000
14.2500;0.0000;0.0000
14.7500;0.0000;0.0000
15.2500;0.0000;0.0000
15.7500;0.0000;0.0000
16.2500;0.0000;0.0000
16.7500;0.0000;0.0000
17.2500;0.0000;0.0000
17.7500;0.0002;0.0000
18.2500;0.0010;0.0000
18.7500;0.0050;0.0000
19.2500;0.0221;0.0000
19.7500;0.0849;0.0000
20.2500;0.2892;0.0000
20.7500;0.8874;0.0000
21.2500;2.4752;0.0000
21.7500;6.3388;0.0000
22.2500;15.0576;0.0000
22.7500;33.4274;0.0000
23.2500;69.7237;0.0000
23.7500;137.4717;0.0000
24.2500;257.5880;0.0000
24.7500;460.8447;0.0000
25.2500;791.2581;0.0000
25.7500;1308.5394;0.0000
26.2500;2089.1857;0.0000
26.7500;3230.0068;0.0000
27.2500;4848.9910;0.0000
27.7500;7076.3495;0.0000
28.2500;10070.3081;0.0000
28.7500;14009.7397;0.0000
29.2500;19086.0877;0.0000
29.7500;25504.0186;0.0000
30.2500;33466.0657;0.0000
30.7500;43178.5577;0.0000
31.2500;54863.4256;0.0000
31.7500;68728.0721;0.0000
32.2500;84963.7467;0.0000
32.7500;103749.9205;0.0000
33.2500;125247.9500;0.0000
33.7500;149589.1332;0.0000
34.2500;176887.0936;0.0000
34.7500;207228.6852;0.0000
35.2500;240478.7389;0.0000
35.7500;276610.8438;0.0000
36.2500;315786.2182;0.0000
36.7500;357954.8543;0.0000
37.2500;403068.2671;0.0000
37.7500;451048.3745;0.0000
38.2500;501762.7071;0.0000
38.7500;555095.6384;0.0000
39.2500;610907.8529;0.0000
39.7500;669007.7027;0.0000
40.2500;728783.0353;0.0000
40.7500;789994.1646;0.0000
41.2500;852846.3033;0.0000
41.7500;917170.0597;0.0000
42.2500;982794.2187;0.0000
42.7500;1049455.5655;0.0000
43.2500;1116997.4112;0.0000
43.7500;1185261.0805;0.0000
44.2500;1253964.4923;0.0000
44.7500;1322977.8119;0.0000
45.2500;1391395.1503;0.0000
45.7500;1458883.4262;0.0000
46.2500;1526099.2234;0.0000
46.7500;1592928.6676;0.0000
47.2500;1659108.4156;0.0000
47.7500;1724595.1286;0.0000
48.2500;1789298.7627;0.0000
48.7500;1852973.1207;0.0000
49.2500;1915591.2169;0.0000
49.7500;1977122.4201;0.0000
50.2500;2036460.2788;0.0000
50.7500;2093598.3249;0.0000
51.2500;2149415.7499;0.0000
51.7500;2203705.9409;0.0000
52.2500;2256492.3438;0.0000
52.7500;2307789.4422;0.0000
53.2500;2357431.8764;0.0000
53.7500;2405431.3896;0.0000
54.2500;2451837.7156;0.0000
54.7500;2496495.4460;0.0000
55.2500;2538663.0999;0.0000
55.7500;2578409.4975;0.0000
56.2500;2616415.8792;0.0000
56.7500;2652753.8643;0.0000
57.2500;2687476.2233;0.0000
57.7500;13622991.9059;10902515.0583
58.2500;2751832.5369;0.0000
58.7500;2781602.1719;0.0000
59.2500;23432519.0603;20622803.3732
59.7500;2836219.8296;0.0000
60.2500;2860496.9777;0.0000
60.7500;2882477.4957;0.0000
61.2500;2902958.7608;0.0000
61.7500;2922039.6047;0.0000
62.2500;2939622.2112;0.0000
62.7500;2955773.1583;0.0000
63.2500;2970611.2987;0.0000
63.7500;2984049.1056;0.0000
64.2500;2996138.8894;0.0000
64.7500;3007012.3090;0.0000
65.2500;3016172.8085;0.0000
65.7500;3024023.3188;0.0000
66.2500;3030758.0376;0.0000
66.7500;6199529.6384;3163210.8829
67.2500;9253491.5516;6212797.5505
67.7500;3204126.1126;160044.0293
68.2500;3046371.3064;0.0000
68.7500;3047563.4505;0.0000
69.2500;5404500.4836;2356645.3448
69.7500;2175881.5658;251289.2546
70.2500;1868117.6347;0.0000
70.7500;1878093.7050;0.0000
71.2500;1887569.8906;0.0000
71.7500;1896860.4588;0.0000
72.2500;1905646.3366;0.0000
72.7500;1914101.6028;0.0000
73.2500;1922009.5441;0.0000
73.7500;1929357.7991;0.0000
74.2500;1936066.5623;0.0000
74.7500;1942141.3696;0.0000
75.2500;1947793.9537;0.0000
75.7500;1952857.9976;0.0000
76.2500;1957283.2833;0.0000
76.7500;1961184.2322;0.0000
77.2500;1964485.2215;0.0000
77.7500;1967182.2192;0.0000
78.2500;1969396.5343;0.0000
78.7500;1971029.7180;0.0000
79.2500;1972106.0965;0.0000
79.7500;1972730.4843;0.0000
80.2500;1972445.3047;0.0000
80.7500;1971308.6389;0.0000
81.2500;1969771.9485;0.0000
81.7500;1967731.2588;0.0000
82.2500;1965248.3932;0.0000
82.7500;1962375.1954;0.0000
83.2500;1959037.8146;0.0000
83.7500;1955270.2862;0.0000
84.2500;1951140.0203;0.0000
84.7500;1946565.2371;0.0000
85.2500;1941597.8632;0.0000
85.7500;1936289.5628;0.0000
86.2500;1930578.4738;0.0000
86.7500;1924509.4672;0.0000
87.2500;1918129.4826;0.0000
87.7500;1911369.2348;0.0000
88.2500;1904268.9187;0.0000
88.7500;1896870.1183;0.0000
89.2500;1889143.3151;0.0000
89.7500;1881115.9219;0.0000
90.2500;1872587.6195;0.0000
90.7500;1863527.1223;0.0000
91.2500;1854181.4272;0.0000
91.7500;1844601.9291;0.0000
92.2500;1834757.5177;0.0000
92.7500;1824649.8038;0.0000
93.2500;1814326.3152;0.0000
93.7500;1803773.1609;0.0000
94.2500;1792974.4260;0.0000
94.7500;1781984.6282;0.0000
95.2500;1770792.8958;0.0000
95.7500;1759359.9203;0.0000
96.2500;1747763.3362;0.0000
96.7500;1735980.0399;0.0000
97.2500;1723981.1616;0.0000
97.7500;1711830.2966;0.0000
98.2500;1699525.9578;0.0000
98.7500;1687009.9395;0.0000
99.2500;1674366.1534;0.0000
99.7500;1661575.0372;0.0000
100.2500;1648431.4553;0.0000
100.7500;1635020.8982;0.0000
101.2500;1621503.5237;0.0000
101.7500;1607808.4905;0.0000
102.2500;1594029.4879;0.0000
102.7500;1580150.6577;0.0000
103.2500;1566107.5550;0.0000
103.7500;1552000.7529;0.0000
104.2500;1537797.2438;0.0000
104.7500;1523437.4745;0.0000
105.2500;1509022.6126;0.0000
105.7500;1494526.0278;0.0000
106.2500;1479900.5854;0.0000
106.7500;1465227.0939;0.0000
107.2500;1450487.4891;0.0000
107.7500;1435613.1642;0.0000
108.2500;1420703.4314;0.0000
108.7500;1405735.0188;0.0000
109.2500;1390641.3469;0.0000
109.7500;1375529.0322;0.0000
110.2500;1360243.7232;0.0000
110.7500;1344746.0040;0.0000
111.2500;1329236.1216;0.0000
111.7500;1313684.0789;0.0000
112.2500;1298034.8275;0.0000
112.7500;1282380.8997;0.0000
113.2500;1266687.4759;0.0000
113.7500;1250899.6058;0.0000
114.2500;1235112.5279;0.0000
114.7500;1219289.0192;0.0000
115.2500;1203388.8966;0.0000
115.7500;1187501.1097;0.0000
116.2500;1171571.4978;0.0000
116.7500;1155566.4692;0.0000
117.2500;1139565.6523;0.0000
117.7500;1123515.8477;0.0000
118.2500;1107393.7884;0.0000
118.7500;1091279.5780;0.0000
119.2500;1075135.6067;0.0000
119.7500;1058917.9473;0.0000
120.2500;1042715.5236;0.0000
120.7500;1026476.1544;0.0000
121.2500;1010169.6983;0.0000
121.7500;993875.4095;0.0000
122.2500;977537.7716;0.0000
122.7500;961134.1622;0.0000
123.2500;944737.6113;0.0000
123.7500;928302.4441;0.0000
124.2500;911805.2423;0.0000
124.7500;895315.9166;0.0000
125.2500;878736.8396;0.0000
125.7500;862039.6948;0.0000
126.2500;845356.5172;0.0000
126.7500;828648.8462;0.0000
127.2500;811873.6917;0.0000
127.7500;795109.8683;0.0000
128.2500;778313.7795;0.0000
128.7500;761443.4457;0.0000
129.2500;744576.2054;0.0000
129.7500;727675.2357;0.0000
130.2500;710693.9952;0.0000
130.7500;693713.5775;0.0000
131.2500;676695.7873;0.0000
131.7500;659585.6987;0.0000
132.2500;642469.4250;0.0000
132.7500;625313.7944;0.0000
133.2500;608056.2046;0.0000
133.7500;590788.0353;0.0000
134.2500;573480.2500;0.0000
134.7500;556062.6965;0.0000
135.2500;538632.2864;0.0000
135.7500;521164.4127;0.0000
136.2500;503581.6379;0.0000
136.7500;485984.9323;0.0000
137.2500;468346.9213;0.0000
137.7500;450581.5439;0.0000
138.2500;432799.1953;0.0000
138.7500;414983.1222;0.0000
139.2500;397046.1781;0.0000
139.7500;379105.4900;0.0000
140.2500;361128.7697;0.0000
140.7500;343034.1448;0.0000
141.2500;324957.0498;0.0000
141.7500;306877.9248;0.0000
142.2500;288715.9232;0.0000
142.7500;270593.9669;0.0000
143.2500;252474.3374;0.0000
143.7500;234278.0002;0.0000
144.2500;216139.2087;0.0000
144.7500;198033.9484;0.0000
145.2500;179891.2620;0.0000
145.7500;161888.8471;0.0000
146.2500;143855.6170;0.0000
146.7500;125716.6846;0.0000
147.2500;107968.4070;0.0000
147.7500;89934.0590;0.0000
148.2500;71531.6392;0.0000
148.7500;53646.1662;0.0000
149.2500;33763.8092;0.0000
149.7500;11602.8407;0.0000
