# Header Begin
# spekpy version: 2.0.10
# file type: exported_spectrum
# comment: A demo spectrum export
# Inputs
# ------
# Tube Voltage: 80.0 [kVp]; Anode Angle: 15.0 [degrees]; Energy Bin: 0.5 [keV]; Bin shift fraction: None []; Physics Mode: spekpy-v2-casim [str]; Mu Data Source: pene [str]; Target: W [str]; 
# x: 0.0 [cm]; y: 0.0 [cm]; z: 100.0 [cm]; Tube Load: 1.0 [mAs]; Bremsstrahlung Emission: True [bool]; Characteristic Emission: True [bool]; Oblique: True [bool]; Ref. air Kerma: None [uGy]; Ref. fluence: None [Photons cm^-2]; 
# Filtration: [('Cu', 0.05), ('Air', 1000)] [mm]; 
# Outputs
# -------
# Fluence: 196862461.0808 [Photons cm^-2];  Air Kerma: 198.8002 [uGy]; Mean Energy: 39.7543 [keV]; 
# First HVL Al: 0.3842 [mm Al];  Second HVL Al: 2.3892 [mm Al];  Homogeneity Coefficient Al: 0.1608 [-]; Effective Energy Al: 15.8605 [keV]; 
# First HVL Cu: 0.0331 [mm Cu];  Second HVL Cu: 0.0635 [mm Cu];  Homogeneity Coefficient Cu: 0.5212 [-]; Effective Energy Cu: 22.8376 [keV]; 
# Spectrum Units:
# [keV], [Photons keV^-1 cm^-2], [Photons keV^-1 cm^-2]
# Header End: 17 lines
1.2500;0.0000;0.0000
1.7500;0.0000;0.0000
2.2500;0.0000;0.0000
2.7500;0.0000;0.0000
3.2500;0.0000;0.0000
3.7500;0.0000;0.0000
4.2500;0.0092;0.0000
4.7500;2.6374;0.0000
5.2500;123.1286;0.0000
5.7500;1848.5847;0.0000
6.2500;13251.9708;0.0000
6.7500;57476.2820;0.0000
7.2500;307306.2638;131773.1469
7.7500;422013.8845;5271.8679
8.2500;12549865.9090;11725760.7080
8.7500;1652690.5413;233228.1625
9.2500;77.2896;0.4241
9.7500;4464.9839;4081.7466
10.2500;1140.7507;211.4022
10.7500;2354.5236;118.5454
11.2500;15474.5075;9273.6483
11.7500;15399.3806;3973.2497
12.2500;22389.8558;1132.2401
12.7500;39349.2455;0.0000
13.2500;69533.0514;0.0000
13.7500;114549.6624;0.0000
14.2500;177446.9943;0.0000
14.7500;260813.9697;0.0000
15.2500;366664.9995;0.0000
15.7500;495990.6015;0.0000
16.2500;647936.6285;0.0000
16.7500;820849.0859;0.0000
17.2500;1012867.8833;0.0000
17.7500;1222180.7913;0.0000
18.2500;1445898.0122;0.0000
18.7500;1679984.9131;0.0000
19.2500;1921889.8367;0.0000
19.7500;2167399.6756;0.0000
20.2500;2413887.7126;0.0000
20.7500;2658463.0855;0.0000
21.2500;2898170.3401;0.0000
21.7500;3130897.9578;0.0000
22.2500;3355062.1742;0.0000
22.7500;3569303.3172;0.0000
23.2500;3772012.7714;0.0000
23.7500;3962171.6233;0.0000
24.2500;4139444.9718;0.0000
24.7500;4303256.2615;0.0000
25.2500;4453718.1227;0.0000
25.7500;4591022.0934;0.0000
26.2500;4714702.9053;0.0000
26.7500;4825266.1869;0.0000
27.2500;4923035.0545;0.0000
27.7500;5007590.9889;0.0000
28.2500;5080196.9905;0.0000
28.7500;5141491.0643;0.0000
29.2500;5191831.9039;0.0000
29.7500;5232112.4257;0.0000
30.2500;5262484.4899;0.0000
30.7500;5283789.9480;0.0000
31.2500;5296772.0629;0.0000
31.7500;5301767.6580;0.0000
32.2500;5299664.1796;0.0000
32.7500;5290821.9312;0.0000
33.2500;5275576.9296;0.0000
33.7500;5254775.6004;0.0000
34.2500;5228616.1621;0.0000
34.7500;5197689.8633;0.0000
35.2500;5162115.1364;0.0000
35.7500;5122094.2977;0.0000
36.2500;5078577.6818;0.0000
36.7500;5031833.5998;0.0000
37.2500;4982055.5253;0.0000
37.7500;4929732.8872;0.0000
38.2500;4874950.7855;0.0000
38.7500;4818107.9593;0.0000
39.2500;4759484.6094;0.0000
39.7500;4699102.7943;0.0000
40.2500;4637215.5430;0.0000
40.7500;4573842.1776;0.0000
41.2500;4509300.6594;0.0000
41.7500;4443999.2371;0.0000
42.2500;4377831.7504;0.0000
42.7500;4311158.3538;0.0000
43.2500;4244015.2648;0.0000
43.7500;4176292.7100;0.0000
44.2500;4108568.0397;0.0000
44.7500;4040529.0623;0.0000
45.2500;3972083.3596;0.0000
45.7500;3903658.2736;0.0000
46.2500;3835030.0855;0.0000
46.7500;3766644.3474;0.0000
47.2500;3698536.9037;0.0000
47.7500;3630344.1900;0.0000
48.2500;3562769.1669;0.0000
48.7500;3495352.0496;0.0000
49.2500;3428053.4636;0.0000
49.7500;3361380.7191;0.0000
50.2500;3294744.0707;0.0000
50.7500;3228557.5113;0.0000
51.2500;3162957.6200;0.0000
51.7500;3097494.5831;0.0000
52.2500;3032924.6372;0.0000
52.7500;2968729.9230;0.0000
53.2500;2904766.2722;0.0000
53.7500;2841658.4140;0.0000
54.2500;2778864.1507;0.0000
54.7500;2716534.3267;0.0000
55.2500;2654755.7678;0.0000
55.7500;2593203.3293;0.0000
56.2500;2532531.0261;0.0000
56.7500;2472341.3334;0.0000
57.2500;2412417.2485;0.0000
57.7500;3940726.2087;1587441.0552
58.2500;2294499.8292;0.0000
58.7500;2236169.4107;0.0000
59.2500;4992979.9907;2814466.3284
59.7500;2121141.4185;0.0000
60.2500;2064326.7218;0.0000
60.7500;2007937.9407;0.0000
61.2500;1951789.3886;0.0000
61.7500;1896315.5996;0.0000
62.2500;1841130.2081;0.0000
62.7500;1786357.7031;0.0000
63.2500;1732106.9571;0.0000
63.7500;1678044.7763;0.0000
64.2500;1624486.3814;0.0000
64.7500;1571266.8588;0.0000
65.2500;1518163.9722;0.0000
65.7500;1465651.4021;0.0000
66.2500;1413258.1152;0.0000
66.7500;1694217.6545;333078.0768
67.2500;1955387.8623;645989.3399
67.7500;1274124.9040;16419.0321
68.2500;1206389.2332;0.0000
68.7500;1155272.6590;0.0000
69.2500;1336340.4267;232228.1905
69.7500;1045896.5542;34662.0075
70.2500;960591.6704;0.0000
70.7500;913522.5162;0.0000
71.2500;866576.6934;0.0000
71.7500;819366.2989;0.0000
72.2500;772240.5632;0.0000
72.7500;725076.0653;0.0000
73.2500;677532.8311;0.0000
73.7500;630159.4617;0.0000
74.2500;582439.3299;0.0000
74.7500;534450.1691;0.0000
75.2500;486532.2172;0.0000
75.7500;438061.5279;0.0000
76.2500;389411.9284;0.0000
76.7500;340573.1812;0.0000
77.2500;291134.2978;0.0000
77.7500;241725.5043;0.0000
78.2500;191774.6353;0.0000
78.7500;142107.7217;0.0000
79.2500;91756.2534;0.0000
79.7500;33933.6407;0.0000
